7.3968

7.9532

8.8589

8.0624

7.9611

8.0617

10.6971

24.2734

8.8989

8.0736

8.5037

6.7297

5.1803

5.8338

7.3644

6.8488

7.1006

5.1412

4.2863

5.8208

6.3619

5.0262

4.4062

7.0442

4.779

4.0231

6.8195

5.6227

4.7908

4.3783

6.1793

4.0931

4.6359

20.3579

5.3401

4.6572

6.5992

5.8205

5.58

5.4885

4.4623

6.9614

5.1278

4.0696

6.106

6

7.4675

6.9886

6.1881

4.207

5.3544

5.5187

7.4584

5.9233

6.8312

5.0949

3.7325

25.8966

7.796

8.3699

8.4016

7.4855

5.4645

4.9786

5.1526

6.3552

4.836

6.0733

7.4121

8.1161

7.2966

6.9853

7.6918

7.3428

6.9422

7.4888

3.8341

3.6249

3.9876

3.4651

4.0711

19.2451

6.1435

5.5312

4.1598

3.7921

4.1863

6.7052

3.9465

3.819

4.4209

3.8567

6.9188

4.6314

6.9629

4.4967

4.3069

3.7991

7.0259

4.0394

6.9054

8.1072

7.5653

6.8199

7.1131

19.8896

6.5769

5.8278

4.3922

4.2916

4.713

3.7383

6.8601

3.6275

6.6818

4.9914

5.1703

3.6413

4.2326

6.2904

4.3058

4.37

6.0945

6.7326

4.696

6.796

5.6513

3.4328

5.9064

20.3678

3.6849

6.1923

5.7081

6.682

4.4789

6.7869

4.046

6.4073

5.9821

7.0542

6.6692

5.8709

5.3058

3.9548

7.1758

6.6026

3.8007

4.2078

5.0027

4.0462

4.1889

4.5951

4.2796

19.539

4.0117

6.1559

6.3331

6.7613

5.3704

6.6566

5.8301

3.6489

3.9138

6.5181

3.771

6.6467

6.4285

6.0546

4.1102

5.4207

6.0202

4.2625

3.8917

6.9607

4.9847

5.2456

4.041

5.2326

7.1408

4.3476

3.8932

3.7851

6.1918

3.4917

4.5079

3.5961

4.2901

11.5861

5.0085

5.0067

8.134

5.22

9.4864

5.3397

7.465

7.4804

5.0931

4.531

3.6573

4.6981

10.5027

8.5488

12.2828

34.7912

7.3013

8.0239

6.0103

4.3944

7.6802

7.943

9.4252

8.2931

12.2299

14.7865

12.6038

11.5846

8.3381

8.1592

9.359

6.1292

5.6996

6.5777

4.6786

3.5634

3.7636

3.6502

3.7101

3.7108

7.911

7.8263

10.9438

16.8825

8.7392

7.7475

4.0347

4.234

4.3064

3.8455

4.3873

3.7346

3.5683

3.6658

6.4883

3.7578

4.0912

3.6017

3.8531

4.0447

4.1992

4.251

5.7659

5.5241