0.7376

0.6831

0.5581

0.488

0.4334

0.7974

0.4968

0.6119

0.6427

0.5688

0.5

0.7475

0.4997

0.708

0.5608

0.48

0.6742

0.658

0.6636

0.5226

0.4801

0.7681

0.6296

0.5509

0.4427

0.6215

0.7002

0.9347

0.6533

0.5399

0.7034

0.5218

0.8046

0.5066

0.6521

0.7477

0.6335

0.6817

0.5493

0.6928

0.7565

0.7311

0.6643

0.6967

0.8004

0.4853

0.7151

0.6346

0.6997

0.7758

0.8701

0.6348

0.7681

0.9036

0.4636

0.4181

0.4606

0.4582

0.4503

0.6563

0.7089

0.4733

0.4893

1.4435

1.3758

0.9325

1.1123

1.7848

2.1048

0.822

0.6219

0.4906

0.432

0.4282

0.4522

0.4361

0.441

0.6184

0.5809

0.6688

0.9315

0.4701

0.5128

0.4612

0.4578

0.5159

0.4827

0.4993

0.6269

0.7108

0.5183

0.5262

0.4697

0.4501

0.5445

0.6928

0.8921

0.5122

0.7342

0.5407

0.4306

0.4475

1.1715

0.6636

0.4737

0.5236

0.6881

0.5833

0.4505

0.7718

0.4833

0.8005

0.4963

0.6374

0.6642

0.5412

0.5015

0.7449

0.4126

0.6194

0.704

0.7858

0.5572

0.708

0.5752

0.5889

0.6696

0.4995

0.7123

0.4552

0.4957

0.4434

0.5507

0.477

0.4537

0.4982

0.8105

0.4474

0.4801

0.6485

0.7211

0.6621

0.4403

0.5786

0.4816

0.6255

0.4527

0.4883

0.4882

0.5501

0.6633

0.6408

0.6902

0.6482

0.4402

0.5118

0.4628

0.4613

0.5683

0.4624

0.4293

0.6714

0.6728

0.5342

0.9486

2.7535

0.9549
